0.0563476
0.930576
0.375792
0.861132
0.695236
0.791687
0.0146809
0.722243
0.334125
0.652798
0.65357
0.583354
0.973014
0.513909
0.292459
0.444465
0.611903
0.37502
0.931348
0.305576
0.250792
0.236132
0.570236
0.166687
0.889681
0.0972426
0.209125
0.0277982
0.52857
0.958354
0.848014
0.888909
0.167459
0.819465
0.486903
0.75002
0.806348
0.680576
0.125792
0.611132
0.445236
0.541687
0.764681
0.472243
0.0841254
0.402798
0.40357
0.333354
0.723014
0.263909
0.0424587
0.194465
0.361903
0.12502
0.681348
0.055576
0.000792018
0.986132
0.320236
0.916687
0.639681
0.847243
0.959125
0.777798
0.27857
0.708354
0.598014
0.638909
0.917459
0.569465
0.236903
0.50002
0.556348
0.430576
0.875792
0.361132
0.195236
0.291687
0.514681
0.222243
0.834125
0.152798
0.15357
0.0833537
0.473014
0.0139093
0.792459
0.944465
0.111903
0.87502
0.431348
0.805576
0.750792
0.736132
0.0702365
0.666687
0.389681
0.597243
0.709125
0.527798
0.0285698
